3
22 2
-15 21
2 -15
63
-7 7
14 31
22 10
-10 25
19 17
27 27
-7 15
9 -24
1 20
11 0
-3 -2
15 0
-12 -15
17 -23
19 -30
-23 -19
10 23
-20 0
2 3
-7 -11
-12 -11
-15 13
-28 26
21 5
14 1
-27 -20
31 20
12 -12
-27 -2
-3 24
0 6
-27 -22
-2 -14
11 -32
21 -28
-11 -23
-7 6
23 -3
1 12
-30 -17
-19 -25
-5 -19
27 -24
1 -32
6 30
25 -26
5 30
-15 -29
-16 28
-29 -27
-32 -8
-17 -6
31 -26
23 0
18 26
15 -32
-31 -21
-19 29
-13 14
29 25
12 22
31 -15
21 -16
21
-27 -20
-9 -21
-19 16
-6 7
15 0
-2 -17
-14 -8
30 -14
-6 -23
-1 -9
-4 -19
-12 -11
26 -21
-11 -21
-32 5
0 -27
18 23
-16 31
7 10
6 -10
-22 -28
101
-3 -3
4 15
23 13
-17 -18
-22 -4
2 -1
-10 13
20 2
13 -6
-30 19
-20 25
-29 -21
1 14
17 23
24 21
-3 -11
-14 -31
-27 -23
14 -12
-9 24
16 26
-8 -25
7 -20
9 -11
6 11
-24 18
4 -21
29 -27
25 14
29 18
4 -6
-25 22
-5 -20
-32 -23
0 -9
-30 -15
-15 -6
-8 25
6 -31
-18 -19
12 -10
31 -16
1 29
-10 -5
11 -13
-19 -17
13 -12
-26 -24
1 -26
-15 -31
-3 -13
-14 15
13 10
8 -12
11 22
1 -9
-20 0
8 13
-3 30
-24 -23
-15 -11
-8 30
10 -2
-26 -21
4 -9
-20 -30
11 -1
17 -8
-23 -7
12 21
-17 -19
-20 -5
14 20
-24 -21
18 -15
-12 -29
6 13
-31 -16
-21 -25
-5 16
-1 8
18 -22
-25 3
2 -16
28 -17
-27 -21
-4 -14
6 -22
-26 14
-10 25
31 10
28 6
-9 30
22 3
-27 -14
-13 4
26 -27
14 -31
8 -15
-15 4
15 28
41
-11 -25
15 -29
-3 8
-29 -25
5 9
-1 3
-1 -30
8 17
-11 -19
11 -6
27 12
-30 -20
30 6
12 -11
-11 9
30 10
16 13
13 -19
-10 16
-12 27
-7 19
-2 25
21 -26
10 -22
-13 -10
4 -17
-30 6
-5 -32
-20 -24
-11 1
17 -13
-21 1
-31 25
14 -9
9 -30
-14 -29
22 16
28 11
22 6
22 -22
28 -6
89
31 -31
20 31
-19 28
-11 15
13 8
26 -18
9 19
28 -32
-3 31
-14 0
21 -30
-4 0
25 -30
-10 -29
31 17
-4 30
18 -16
29 31
-19 -14
14 26
27 9
-23 4
-4 -27
5 25
-28 23
-7 25
26 21
-6 19
24 16
22 23
1 -14
21 -13
2 18
-13 15
-27 -31
10 -32
10 19
4 -25
24 -23
-32 29
-31 -6
22 27
-17 -16
14 -25
-31 4
30 2
22 19
22 -8
6 -23
-24 11
-22 18
11 21
5 -17
28 -3
-7 28
-6 -6
-10 -15
-11 6
1 -29
13 2
7 12
-27 -3
-1 27
21 -27
-28 29
16 -18
15 -5
-29 -12
11 31
18 -28
28 -20
-2 -14
-3 19
24 31
22 6
1 -3
-14 6
26 17
1 15
23 5
13 7
20 -4
-29 23
17 14
23 3
18 19
15 -16
-27 -19
-29 30
13
25 4
13 -10
22 -12
-16 7
21 31
-2 -5
12 -26
-17 -23
-23 -26
26 23
29 -3
9 16
-20 25
55
-7 28
20 5
21 -8
-13 -21
-18 7
-5 21
-4 -6
-12 23
-25 -6
-26 -16
3 -19
-22 -6
-22 7
-29 27
19 28
17 -19
24 5
18 13
29 -27
24 -21
12 -13
-32 -23
13 -12
-32 20
14 -25
-28 -15
-12 -18
11 -2
21 14
-7 9
10 -22
22 2
15 8
-17 12
23 -6
-6 24
3 -24
-20 4
28 27
11 -31
-20 31
-17 24
-3 -27
6 23
14 -15
-31 4
19 17
-20 -29
-3 26
-22 -11
-11 5
-19 24
13 -7
-4 9
-12 -25
43
1 -26
26 -7
4 31
31 -5
13 -16
-4 -15
-28 -19
-3 -25
11 -8
-15 -32
13 22
-19 5
3 6
-30 -19
27 -23
23 -4
-16 17
21 20
16 20
-17 -3
-27 11
14 -23
25 -20
-16 4
4 1
4 -15
-8 17
22 27
-9 24
-24 -14
-30 -32
14 -14
17 3
-26 2
-8 -11
31 -3
-32 14
6 25
26 22
-3 -2
-9 -31
15 15
18 5
107
-22 -2
19 -4
0 19
-21 18
5 14
24 -25
-26 -19
-26 3
-19 20
-23 -25
14 31
4 -20
-9 6
27 -26
-8 1
17 2
31 5
31 -1
-8 -22
-15 29
24 -23
-28 31
-10 -21
2 3
31 12
10 14
11 -17
26 -30
21 22
-23 -19
-9 26
16 -10
-1 15
21 24
25 -26
21 17
-17 26
16 5
-27 -13
-24 -28
31 19
18 10
-30 13
13 23
3 22
-28 26
16 20
-16 -16
3 -27
-24 -4
-21 29
-18 -6
23 30
31 28
-15 -25
-31 -16
26 19
27 28
0 8
19 -29
-2 24
29 -18
12 -19
-2 -16
-14 6
12 -3
4 26
23 -5
25 22
30 -7
-5 24
-20 -10
21 13
30 8
16 -4
0 14
10 -19
27 -23
-3 -18
15 -23
11 -13
-28 3
15 29
-7 -25
-25 -9
0 2
-16 12
24 -27
-7 22
13 -22
-14 -18
24 29
-5 19
-26 24
-31 21
-31 13
-23 -27
-16 24
-30 9
31 -22
-31 -1
12 -15
-21 5
-10 5
-5 -29
15 14
-15 7
107
12 -6
17 4
-4 6
6 -23
15 11
-7 7
14 -30
6 24
-29 -27
4 -12
-15 -23
10 22
5 14
5 -13
31 -20
30 12
6 15
-16 -30
-11 22
-21 -27
2 4
12 -16
7 -13
-24 10
-8 12
31 9
22 9
-1 -5
-9 -28
14 -9
-16 12
-29 23
-5 -13
25 16
-22 -27
21 12
9 2
28 -16
21 -28
27 -19
16 26
23 6
3 -10
-31 27
-5 15
-14 11
-5 -11
2 22
8 -4
7 18
1 -4
-2 -22
30 -6
-5 19
-2 -10
-31 -17
-16 24
21 19
-18 23
14 9
6 -32
-11 -30
-11 23
24 30
-13 -1
16 20
28 -17
31 26
9 -6
14 -24
16 15
-9 -32
7 -20
19 21
-29 2
-1 10
2 20
12 24
11 4
22 31
-28 6
19 -32
21 18
26 -1
-20 8
7 28
-9 30
28 30
-22 16
20 -18
-14 -13
24 20
-25 4
12 18
-24 2
17 -20
-23 5
-20 30
-9 -25
-3 4
15 -28
0 -25
-30 -3
-27 -19
-19 25
-5 -1
-20 -13
83
-13 23
-32 -26
31 2
23 -20
11 -4
-8 10
20 -1
-25 -8
-17 -20
24 -10
-18 -11
-5 -5
2 -11
22 -31
1 -23
-11 21
-32 -11
27 -32
23 18
-20 3
-17 4
-19 -29
-28 -12
-5 -13
0 -13
9 15
9 -28
-22 -21
-7 -31
-19 27
-22 2
16 -21
23 11
-21 14
-3 -9
-15 12
27 -2
15 31
19 -22
-14 -13
-2 27
-30 -25
-32 -19
-14 -7
-18 -1
-12 -8
-31 -28
3 24
15 14
7 -19
-27 24
25 -31
-9 9
-32 -22
19 -13
-3 -15
-18 0
-8 -18
13 11
8 27
-22 28
-13 -20
-31 23
-28 16
5 11
29 11
4 23
12 27
0 12
-27 -13
5 -18
-30 29
-4 15
8 -28
10 19
-31 30
31 -30
21 -29
18 -6
15 16
7 17
-18 -25
-2 -13
91
-3 21
31 11
24 29
-24 7
5 -20
-14 -8
-19 -16
-9 -17
-27 -5
-30 -1
-22 18
5 -3
-7 -10
11 0
20 30
26 -14
19 26
29 11
23 -27
-13 -4
-14 5
21 -1
21 -20
15 26
7 17
-7 17
3 30
-18 28
-11 25
-4 -23
23 -10
-5 11
-16 -7
-10 -25
-2 9
4 16
-18 -7
-16 -29
5 31
29 -19
16 -9
30 -13
-11 -19
-17 10
-26 11
-31 -17
9 -14
8 31
-7 -25
9 29
23 23
27 28
-26 24
-23 22
-17 -25
-23 5
-12 -8
-17 -5
-29 -29
-7 -27
-13 -30
-9 27
-31 16
-30 10
14 26
2 -28
-31 -3
-32 -24
-11 -23
30 5
-15 -24
-22 5
0 -7
-32 4
-3 -7
9 16
-5 -32
11 -3
16 14
-25 -2
8 9
3 9
-26 3
17 -4
13 16
-31 30
24 -21
3 -8
4 4
28 -31
29 5
113
-7 5
-3 22
-10 -21
29 20
19 7
-9 -4
13 27
-18 -23
8 30
-22 6
22 -11
-23 -18
26 13
-21 27
11 16
13 -28
-10 -22
26 12
-11 23
0 -24
-2 24
4 -20
19 18
-11 -5
16 0
-31 6
21 -22
21 15
24 -32
11 3
16 -8
7 -26
2 1
18 23
-8 -13
31 23
-21 3
-29 30
-10 -8
-7 -26
24 -6
13 14
4 2
-3 -4
2 -24
31 -14
0 6
-7 -30
-25 -21
25 0
-9 9
-4 -6
7 18
18 -32
24 11
-6 5
-7 31
-25 22
-5 9
31 -5
28 -1
-31 -11
2 -23
0 -5
9 31
-12 -32
8 16
-6 -16
2 -20
-16 -6
23 11
-32 -16
10 -25
-25 -27
17 -26
0 13
5 2
-30 -25
11 2
3 -12
1 23
-12 -22
7 14
-6 -23
26 10
3 18
-11 3
-30 31
11 -23
-27 -4
-17 5
-23 21
28 18
13 -1
-26 -17
-10 -6
-7 29
-24 19
-26 -29
-3 10
21 19
-19 23
18 24
-31 23
-12 -16
-3 -3
-27 4
8 -30
-9 -10
1 -3
5 24
24 30
21 -32
113
28 -29
-18 6
24 -31
19 16
20 12
17 11
-32 -31
-24 -2
-25 13
-26 -23
-28 -4
10 1
-31 2
-7 31
-8 -6
16 -12
-3 31
26 -10
-32 13
-26 20
-7 23
0 -6
24 8
24 31
-11 30
-24 -7
-5 19
27 -4
-11 -12
-4 13
14 -20
-31 -20
-21 27
2 -20
9 8
-32 -30
-1 0
-4 -9
-23 -12
-9 -2
-13 -1
24 14
-14 19
-22 8
-25 6
-11 22
19 -9
-30 30
-14 4
-22 27
-20 -21
30 11
11 -6
-30 20
15 -7
-13 -30
25 -21
16 -21
30 26
19 -27
1 -23
27 -12
0 29
-14 18
1 -3
14 13
8 12
-8 -13
-26 -5
-24 21
20 -5
23 13
6 7
25 4
2 12
9 -29
21 5
-9 -11
2 9
-24 -28
-26 22
17 14
2 -22
-30 8
5 -22
-2 -7
5 -11
-25 -21
29 -32
15 -1
12 -8
2 2
29 25
23 0
2 31
4 9
21 -11
-9 -9
-1 -7
-32 -28
3 -2
-2 -24
19 5
-13 16
5 -30
-17 -15
-5 17
19 -8
10 11
24 -19
10 -4
22 0
18 -19
55
-15 7
23 -10
-22 -11
20 -13
-23 -7
6 25
30 9
-23 -17
-28 26
-29 -4
5 14
-11 18
-8 17
8 24
3 21
16 21
-4 7
-21 7
29 31
26 -26
-8 0
31 -10
-23 -24
5 -19
-29 8
10 8
-10 31
-6 15
16 -30
7 -12
23 -9
-23 -12
31 -12
27 28
-13 21
-30 11
-11 -31
-31 -1
-22 6
12 -19
-17 -10
21 5
-11 -17
-12 -26
-15 28
-6 -24
-13 3
-4 -14
-18 -22
-20 -16
21 2
-14 22
-31 -4
-4 13
9 11
5
-2 -15
-7 13
5 -1
30 1
25 -26
117
-4 3
-25 -13
26 -10
-3 -25
6 -14
9 24
-24 10
-12 5
-9 29
-16 -5
-5 1
21 -24
-25 -12
-26 8
-18 -19
-3 10
16 5
30 10
27 -5
17 1
14 -6
-6 22
-28 14
-5 -4
12 12
23 -25
-19 12
-16 -12
-31 -10
29 -17
3 -6
25 -13
31 23
30 26
-13 15
-4 -31
-22 22
23 -18
4 -13
10 -16
31 2
-8 -20
-18 8
1 -17
30 -2
-2 2
24 -8
21 24
-17 19
18 2
3 -18
3 13
-28 -5
27 9
14 6
25 13
-24 -15
25 -10
25 -6
6 24
24 -28
-6 17
-4 -17
9 12
-29 -5
-18 6
10 18
-13 14
-19 -18
-9 27
20 -15
8 28
2 1
-13 -4
28 25
-12 20
29 14
5 -6
29 -18
-26 -32
10 -12
6 -12
-26 25
-30 -13
-24 -6
-18 28
11 22
25 -19
9 -12
-27 29
-24 -30
11 14
-4 9
28 2
9 6
23 -16
26 29
-23 29
-15 -15
-9 -1
-18 -30
-10 -25
-17 14
-13 25
-30 -8
22 -22
-6 2
24 23
-21 21
-7 20
-5 -16
-28 -10
-18 -18
-13 -1
-1 10
30 13
12 -12
117
27 -30
-25 20
-28 -1
11 -17
26 -19
-25 17
-8 28
-22 -20
-8 -5
-15 14
9 -1
-31 -24
30 11
-26 12
-9 -5
0 -14
-3 8
-25 2
-25 18
17 -31
31 24
18 -9
21 29
3 -19
-8 20
27 -31
-13 28
-23 -14
7 -17
30 30
10 -2
-16 -24
-26 -9
10 -18
-23 -5
-17 -24
-13 -30
-1 -24
31 -29
-11 -9
23 -16
-8 -21
-20 1
-3 19
16 -5
17 -5
25 -30
3 -32
-7 -19
-18 3
8 -3
11 27
-1 -21
-28 -2
-18 -7
21 -27
10 -19
-16 22
14 13
10 -1
-24 -5
26 -30
-3 -3
-30 23
10 -16
-6 -14
13 -27
-19 -19
-16 -15
11 -2
11 1
4 -11
14 20
-21 -3
2 21
28 10
-15 22
12 14
-13 14
5 29
30 31
-17 12
-27 -4
25 -11
14 4
20 -7
-27 -8
-20 25
15 -19
-7 -32
-29 -27
14 -10
20 -12
-13 18
-13 2
-2 -8
30 -9
14 12
28 2
-27 -31
26 19
21 -26
13 -26
21 -4
-13 -18
-4 -10
-13 -22
12 -25
-2 31
26 18
1 -8
-22 0
16 24
-20 12
13 -12
-27 3
-5 18
41
-16 -18
29 -2
10 -13
17 21
-32 25
-13 31
19 -27
1 -21
-16 -31
27 -24
-19 7
3 -1
-11 23
5 24
-14 -9
1 2
6 -2
-32 -16
18 18
-27 18
11 -7
17 -2
-2 -14
9 14
-13 5
23 1
-20 -6
-32 1
-15 5
-7 4
29 27
-26 3
-7 -25
19 -21
25 25
29 4
-14 15
-30 16
-31 11
-1 -11
-16 -10
119
-3 16
22 30
-31 -4
-8 5
-7 -13
12 28
12 19
15 24
12 8
21 -16
26 4
-14 11
6 29
-22 27
-18 0
17 11
-16 7
9 -15
-29 -31
23 -4
-12 3
-8 -31
-10 -24
25 -30
16 14
-13 4
-10 25
1 0
20 15
-32 5
-6 -16
-20 -28
1 -16
-27 -8
12 -6
27 -27
-5 -15
-19 -12
-13 29
-30 5
8 -11
-23 30
-18 11
-2 -30
-6 -2
7 21
14 20
25 -16
-28 30
8 16
-8 4
21 19
21 -30
-25 -23
-32 -22
14 8
-1 24
7 14
3 -27
16 29
4 -8
18 -14
-20 11
2 -16
10 -21
-32 -30
15 22
22 4
24 29
13 24
-25 -4
1 7
-12 -24
-11 23
-19 -27
20 17
-3 7
-28 9
-14 6
25 28
17 26
31 0
16 21
-27 8
18 18
1 26
-18 -30
1 2
-22 22
-7 -9
27 -18
-23 -7
21 -19
-30 -25
19 28
-28 5
22 -29
-27 6
24 -22
-18 10
29 15
4 -21
17 -27
14 27
27 -25
-13 23
-11 -4
-16 -22
9 -14
-14 -4
-18 -10
-31 -28
-7 -25
10 -15
-15 25
8 0
-6 -6
5 -24
-11 1
79
8 -8
5 -28
8 15
13 26
-31 -22
-23 -9
-21 -19
16 -14
24 -31
4 17
29 18
-7 -3
-20 19
-30 -12
-23 3
27 -23
22 3
24 3
-2 26
13 7
-15 25
20 -30
-21 12
-29 15
-3 -32
2 23
-3 14
10 0
-29 19
-29 7
5 31
16 -5
2 8
30 -32
2 12
7 20
5 -4
22 16
-24 25
0 6
26 -30
-3 -9
16 -25
23 19
27 27
-6 0
26 -22
27 -4
19 25
-3 -11
-23 -22
0 31
27 9
25 -5
-17 19
-3 12
-22 -19
19 -30
-31 14
29 -5
-18 23
6 -23
-13 -7
-29 16
14 8
21 24
19 -11
23 14
30 16
-23 -19
3 6
25 14
19 13
16 20
-5 13
-16 10
4 22
19 23
-17 22
41
29 -1
-3 21
-14 18
13 -32
17 -3
-23 30
-31 15
24 15
2 5
-1 -9
-32 -20
7 10
16 -3
-2 7
12 -12
-17 9
19 12
-1 -27
-1 -20
-27 -16
9 -18
-18 10
29 -26
-7 0
11 24
23 12
-28 -2
-10 20
27 20
-4 7
-23 11
-16 28
-8 15
-30 23
27 -25
-25 5
-10 -11
-17 -13
-4 9
19 -25
1 10
51
6 -24
-22 -6
-29 30
22 10
-25 2
27 -28
26 10
-26 17
6 -19
24 -21
3 -19
-6 23
9 -29
10 17
5 -11
4 -21
-3 14
5 1
13 -4
-21 20
30 -26
24 24
17 30
9 -9
-20 1
2 15
14 28
6 -8
-32 -15
-23 5
6 13
16 -29
-4 -11
4 -23
17 16
29 15
22 22
7 7
20 -16
30 -32
17 0
16 0
-3 -10
24 -3
7 -31
-30 -19
14 18
-15 -22
-25 21
-13 25
5 -15
105
-4 -25
-16 -29
27 0
-30 28
-14 2
12 18
31 -30
10 -4
10 11
-2 23
-7 -16
-24 4
-8 30
23 -15
3 -24
25 31
-17 -23
-29 -21
10 -27
-25 28
7 19
14 7
21 -8
-29 -1
-29 2
-9 -4
18 -1
-32 -22
-3 24
-5 -31
-32 -11
-32 -16
-2 -29
-5 -24
-24 2
-28 16
-11 18
-9 -22
-22 -6
10 -19
28 -31
10 15
0 10
25 30
2 -11
31 3
10 31
19 -24
-29 -18
-15 -21
16 -11
27 -27
-24 -14
-17 -14
13 25
0 9
26 -22
-8 -5
20 -14
-7 -9
7 -8
26 -15
-9 13
-7 -6
27 10
6 11
-32 1
16 -24
20 31
-6 1
25 26
-22 19
-28 3
-18 25
21 7
-16 -4
31 -22
13 -9
23 -26
17 18
17 -9
-3 17
25 -19
25 13
-20 -13
-18 -27
-18 -8
25 -14
27 -25
-21 16
15 -5
-20 14
5 25
-27 -4
-32 23
-18 17
-18 11
2 -25
24 -5
20 -27
14 -30
-22 28
-5 -29
-17 -10
-21 -6
7
26 22
-13 8
-5 -19
14 24
-19 5
-26 30
19 18
33
27 10
27 15
15 9
18 26
6 -19
29 21
3 -24
-17 10
-30 -27
30 11
1 -21
-7 -7
-8 30
-1 -10
17 -15
22 12
28 17
-4 11
-6 -18
5 -32
-5 3
21 30
11 -27
9 14
-22 7
-7 11
18 18
-28 -22
16 4
0 1
21 -10
-18 17
-25 10
93
1 24
-30 2
-13 5
-9 -15
-15 -4
26 31
7 1
-8 -14
-13 -22
-9 -3
26 27
29 -5
16 -13
9 2
-6 -13
31 28
-21 -31
-2 -2
7 21
16 24
-14 10
23 25
-20 -17
-21 -1
-7 2
29 -13
-3 26
14 -18
-18 -8
16 8
11 15
4 23
16 -30
-11 -9
24 -27
-17 -22
16 -26
-29 28
-11 -18
-5 14
17 -8
-31 -18
-13 16
-4 1
-24 -20
-23 19
27 14
10 12
16 -32
-29 8
-27 -13
18 21
-7 21
17 15
-28 -19
-3 21
5 -1
-29 24
-17 0
-7 -9
12 3
-22 8
-15 21
-12 -31
21 -9
10 26
10 -4
16 -28
-14 1
19 -10
14 -16
-21 -12
15 -18
-20 30
14 6
-11 -5
-23 0
-29 -6
-5 -22
14 -27
-28 -7
2 20
-3 20
-10 -16
-22 -28
0 -11
-8 -16
3 5
-18 -14
-21 4
13 -12
-28 16
14 -7
7
-23 3
21 -17
7 -18
17 -4
11 5
18 27
15 22
93
-28 -17
12 7
20 26
25 31
-2 6
-13 2
-10 -31
27 -3
-22 -2
-13 -7
-26 1
-22 2
-19 15
-12 -24
-2 -22
4 2
-7 -16
-22 -19
-21 -29
-20 9
10 -1
-20 -32
0 -25
-2 11
6 17
-28 12
-14 -17
-18 -1
30 2
8 -3
12 -20
31 -26
-3 -23
-13 8
-19 0
-15 23
31 -3
23 0
5 -11
-21 -21
-26 -17
23 -7
-2 -27
24 -3
7 0
26 -13
13 25
-7 -22
-29 13
18 -16
-19 -29
-25 -20
1 30
12 -26
-12 23
-15 -6
-25 -24
19 5
-19 12
-30 20
-20 28
-25 25
22 1
-29 25
-18 21
-23 -5
25 -16
7 -6
-18 -12
0 2
-21 17
29 -14
25 16
24 -26
-4 26
26 9
23 -31
2 13
2 6
6 16
-5 15
-21 -12
31 19
14 -19
-25 -18
16 -14
31 13
5 24
-3 -3
30 26
-9 24
3 -18
26 -27
123
-4 11
1 -19
-25 -16
-8 -5
-17 -21
-22 -3
-14 -8
-19 5
-8 26
-22 -16
-9 7
-17 -15
30 -25
20 -19
-31 26
-24 -2
5 10
11 12
26 -29
-24 -22
-17 -14
7 1
10 20
-26 -30
14 -16
-13 -27
23 2
-9 22
9 -21
-29 11
-27 -21
-23 11
21 20
-9 16
23 -1
26 -26
17 1
8 -4
-11 14
-2 -29
31 17
-24 22
-13 -1
12 29
11 15
8 16
27 17
-5 16
5 19
0 -4
-14 -6
3 -28
27 -21
0 -16
25 30
-13 24
16 -4
15 -29
27 -5
-32 6
-21 8
-9 -26
-7 18
22 30
5 -9
-5 24
17 30
28 13
-23 -4
29 -30
-6 -15
27 -22
13 10
-18 8
-27 -18
-17 -16
23 6
-10 -16
-8 -19
-17 30
4 10
22 -11
8 18
-30 17
-18 -32
19 8
-15 14
19 30
-8 -31
6 -2
-17 21
14 -26
-5 -27
-9 20
-14 6
18 22
-16 8
-21 24
-6 -18
9 8
-18 -4
-16 -1
-21 -29
-3 3
-28 -29
-31 -12
25 16
-6 -12
21 17
-24 -25
-9 26
29 7
2 -24
-1 28
-10 -24
4 4
5 21
-29 16
24 0
-13 29
4 -11
-15 -3
-27 11
113
26 -3
26 -31
20 20
30 -4
-9 -26
27 -13
-3 -28
24 -31
9 13
-27 -7
5 5
12 2
-23 -31
19 6
-26 -1
-8 -32
28 -14
-31 16
-26 31
-20 -3
-26 -24
17 3
-20 9
4 21
-10 9
-18 27
-17 26
-2 -8
28 -15
31 -30
16 -9
-29 12
9 -28
-3 15
-28 9
-19 -22
17 30
13 29
7 -15
18 29
27 -32
24 -22
27 -10
2 23
8 1
25 -8
24 28
-27 1
-31 2
-15 -27
-21 -2
-17 29
-4 28
26 -29
-19 13
-32 -24
13 24
-14 8
-17 21
-1 23
-10 -7
-17 -17
-11 -12
16 -10
22 -31
-5 -30
-1 10
31 27
6 25
30 20
6 30
28 -12
23 -17
28 -26
-28 -4
29 -6
21 -20
9 -22
1 -6
1 -9
-5 28
-7 27
7 -8
22 -19
-14 21
-31 24
19 30
-20 10
-19 -23
16 -15
5 13
11 -6
26 -11
4 -5
15 -27
18 -22
-30 -20
-27 9
4 28
22 22
17 24
15 4
22 27
-17 -29
-28 31
-12 9
13 31
-29 7
-12 8
-30 -29
13 20
-18 15
-32 -13
89
5 -17
-17 -5
-32 -25
-22 5
29 -26
20 -32
-22 19
-12 20
0 -13
23 -25
8 -1
-23 11
-19 30
25 28
30 -19
-11 3
-4 4
31 -3
11 -23
-30 8
-17 22
8 -6
9 28
-18 -22
-17 -27
-15 23
5 -5
3 18
-7 -4
14 -9
9 -29
27 -26
7 26
3 -14
-29 5
26 -13
-5 2
13 -28
-2 27
-18 14
-32 0
5 5
27 -24
-9 -12
5 -26
11 -18
-23 6
-12 17
0 23
-29 4
-4 30
23 23
0 4
28 31
-1 -22
13 -1
10 -14
-27 5
-5 -4
25 -32
2 5
-18 12
-21 3
-3 12
-6 0
-16 23
-2 -25
14 31
11 10
30 -22
21 11
9 -1
29 14
-27 -8
-21 30
-8 13
3 7
-7 15
-22 22
-5 4
-9 11
-5 21
18 -22
20 -3
20 18
7 9
-3 -16
-23 -5
31 -18
51
-22 -20
-20 23
16 19
-15 -1
29 -25
26 1
-2 5
29 -12
-9 -25
-24 20
27 27
-5 5
-8 11
14 19
10 28
7 20
-24 19
12 24
6 29
-9 3
-28 -15
-28 3
22 -31
23 -19
-24 31
-31 -28
26 -4
9 -13
-24 -9
-26 18
-13 13
7 -5
0 -13
-12 -26
-16 11
9 -12
29 14
23 19
15 14
-31 24
14 -30
28 8
-1 5
27 7
28 -30
-7 -17
15 -32
10 -16
-13 30
-10 3
10 -32
57
7 14
15 -6
-3 -2
-5 -11
-20 -2
-15 20
29 22
16 4
18 18
29 -31
1 30
12 17
-15 10
-24 21
-12 -24
13 27
22 -4
-10 -13
26 17
9 -26
-17 26
27 -20
17 11
16 3
-3 14
5 30
12 -15
16 29
27 24
18 -16
-32 -1
-21 22
28 1
-23 22
-13 18
29 2
13 24
15 -2
3 -1
-31 -32
-19 6
30 25
23 14
23 19
6 9
-29 6
-23 -18
-4 -27
16 6
27 -29
-8 24
5 -27
16 -12
3 -13
20 5
-13 -31
-21 -14
59
-29 -32
18 22
7 -5
25 -19
4 -25
10 9
23 -16
5 26
8 -3
0 14
-18 20
-15 1
8 22
21 10
-30 -25
5 -27
-25 -9
27 14
18 20
28 -9
27 6
-32 19
22 5
13 -2
-29 -19
-20 -15
-30 -2
18 10
-12 7
-12 -10
14 25
-5 22
-16 -10
4 -29
-22 0
-6 -26
-26 -6
25 28
-32 6
-5 -29
20 7
-12 22
-27 -26
0 -6
14 21
16 -4
14 -20
-14 31
2 23
-30 13
-9 -4
19 -2
22 12
-6 22
-14 21
25 -26
-3 -19
28 2
-12 -3
61
-30 -14
13 -2
-32 25
17 31
-5 8
-31 -24
31 -3
27 -3
-12 7
24 -22
26 13
-28 -32
-22 -15
29 13
5 -6
9 7
12 -10
-26 12
-17 23
12 11
-1 13
19 -2
-21 15
28 -1
-10 20
9 -16
1 13
-15 12
31 -18
-7 4
8 -30
-20 -12
-7 -14
-32 8
-23 12
-13 8
-6 -25
-26 5
22 -30
-28 -20
22 13
-3 -8
-5 14
-28 -6
28 -3
30 4
-1 -22
24 24
-4 24
1 5
5 20
-19 31
27 -12
4 17
-10 8
30 -19
-11 -5
5 16
-23 9
-22 -27
-26 -23
41
5 -13
1 -2
16 -7
31 -11
30 19
3 29
15 23
1 0
-19 -23
-2 -6
-1 25
31 -17
-30 8
-6 -25
14 3
16 -12
22 -15
18 6
11 17
28 9
4 -1
7 -13
-10 -24
20 3
-14 -14
30 17
-20 29
-32 -18
6 -6
-10 -12
29 -26
8 20
-8 -6
-6 -29
-21 -10
12 16
21 -13
-29 -21
-4 23
15 14
-22 13
95
-10 10
-1 4
-16 26
26 5
23 -31
-19 11
-7 8
-26 -4
19 -4
-24 3
-14 -4
7 -3
24 -2
-20 6
8 25
-27 30
4 4
3 20
-2 -3
-7 -10
-2 7
-31 23
-17 -25
-13 -30
4 -4
6 22
24 -19
-13 16
11 0
-10 -12
-7 -5
-14 29
31 21
18 -2
-13 -21
20 17
18 21
9 -31
29 28
-28 1
-8 10
-9 -16
23 10
-32 2
-22 -10
22 4
17 -23
1 17
30 -13
-17 -15
-1 -29
-29 -15
24 12
-13 21
8 -9
-10 -31
-31 13
-15 24
-8 -14
-6 2
8 -15
-26 -6
-6 8
-21 -8
27 -6
10 -6
-3 13
12 -11
-7 31
-21 -31
-10 1
-30 -9
-17 -12
-17 7
6 9
-23 -18
26 -16
8 -12
24 19
13 19
-19 -9
-18 10
-28 26
-32 -3
25 -21
-2 -17
12 1
6 27
21 21
2 -5
-2 12
9 -7
28 -14
13 20
-27 -6
39
-13 17
21 29
21 15
29 -14
8 -24
17 23
21 -14
-3 16
-25 -14
-13 2
17 31
-21 -22
27 -3
23 15
3 -14
-10 22
-29 -20
19 25
27 17
-21 4
25 28
-5 14
-18 25
-1 -11
-21 18
23 28
17 -29
-26 12
0 30
-5 -29
-16 17
25 -13
29 13
-20 25
-2 -8
-3 -9
-12 24
-26 3
17 5
57
29 -9
16 25
-24 19
-32 20
-13 30
-17 -9
-18 -32
-16 1
30 29
14 23
-5 -26
-12 19
-6 -20
25 29
30 -2
22 27
21 6
20 29
-7 20
17 12
18 -32
-29 -32
-32 -12
2 30
-15 -16
21 13
-10 -23
0 16
-10 -7
14 -12
23 4
-17 12
-22 -29
9 3
24 -6
-17 10
-6 -13
11 -6
7 -19
-7 24
-3 -18
5 19
-8 -27
3 14
-2 -15
-30 -11
21 -15
-31 31
-12 10
2 -20
-28 18
23 -2
-27 2
25 12
15 -14
4 -20
0 -22
63
24 -17
2 6
14 20
8 -29
9 25
-27 9
-18 15
-21 -6
20 29
-15 -14
-30 19
-21 14
2 -3
-13 14
30 -3
13 22
12 -16
-3 -6
-28 -27
-2 13
31 3
-10 -19
-14 2
7 -26
-1 25
-7 2
12 4
-16 -17
-30 3
29 -32
-32 11
22 13
27 -13
-25 31
-7 5
12 -8
-24 -29
5 -5
5 -20
1 -28
-27 26
6 18
-1 23
-31 1
-6 30
1 -5
9 -9
-24 4
11 -17
3 -28
21 -16
-4 29
-13 -31
-8 24
-19 26
28 -13
20 3
-27 -13
-6 -26
20 20
-28 -11
-17 14
13 -9
19
-8 7
22 -4
-4 -26
24 -7
-7 25
18 -15
-26 12
-19 -7
0 16
-2 20
-22 4
8 31
9 30
-18 -9
11 6
9 -29
-19 -1
-1 9
5 -9
67
30 -16
20 -17
-10 0
-3 16
-31 -19
-18 21
-8 19
-3 -9
-4 -5
5 19
-26 -21
-4 -23
-8 28
8 -31
1 31
-28 0
-17 24
15 6
-7 -20
-10 -6
-6 4
-17 18
-9 12
-23 19
-24 14
6 -18
26 -29
-8 -14
31 -32
-12 0
-32 -8
-32 -17
-16 16
21 9
28 -21
-29 -10
16 -14
-24 -25
31 -15
27 -25
-32 1
-11 26
4 13
-20 3
14 0
-28 14
24 -28
29 -23
20 19
18 17
30 22
-25 14
-24 -16
22 -25
1 17
-18 1
-14 4
-5 23
-15 8
-6 31
-24 -2
13 -31
3 11
-22 -9
-2 28
-24 -4
18 -16
11
27 0
-31 -30
-31 18
-15 3
-28 21
30 27
-26 6
-10 -26
15 20
19 16
-9 -2
123
15 28
22 23
-7 9
-25 4
4 7
5 6
9 -9
23 -20
-5 12
-22 -9
19 17
13 25
0 1
12 -16
25 -21
-22 8
-25 -32
-1 0
9 7
-28 -19
-18 9
20 23
-32 11
-29 -4
-8 -18
19 -21
31 0
-28 -1
-31 16
15 26
27 25
2 -29
25 -30
3 3
9 8
16 23
-15 4
15 -14
-16 18
14 8
-32 1
19 31
-31 23
-2 -30
7 -19
29 3
-26 -1
6 -32
1 -23
3 -22
17 -13
-30 -29
24 17
-11 -24
3 -29
16 4
4 3
3 5
-6 -30
7 -31
-17 4
4 -10
-28 -22
-10 5
-12 25
16 -27
-20 18
-24 -28
3 -3
-20 -26
0 28
10 -28
-1 -18
9 25
-16 -15
27 -1
21 -1
21 25
10 -21
-1 30
-28 -17
-29 -15
-31 -20
-11 4
9 2
10 -22
-2 -11
-18 30
3 24
23 19
-23 18
-14 30
-14 -24
24 28
-13 -9
26 -8
6 29
-23 30
-21 19
0 21
29 31
-22 -21
29 13
-29 20
0 -20
7 19
-21 25
27 -29
21 -18
-6 15
12 -17
7 22
-18 18
9 14
7 6
13 18
17 10
-1 21
-1 -32
-31 -26
19 -20
31 14
-17 20
125
9 3
3 9
-17 18
-16 -27
-32 -30
14 15
10 -12
-4 -4
-26 -25
27 27
6 27
28 12
14 -23
11 -4
-8 -1
-7 -30
-30 28
11 -15
14 28
-9 15
30 -27
-2 8
-6 26
-28 0
-31 -32
-5 7
27 -9
-13 10
0 30
-26 25
-3 -1
27 -1
-5 6
17 -22
2 -24
25 1
-19 -9
-23 7
-15 -18
-25 -13
-18 2
26 -23
26 -18
19 -6
-20 26
-7 -18
-23 21
21 26
31 -9
-30 24
24 -16
-17 -30
23 0
-16 31
19 -2
1 14
7 -5
28 -5
22 -24
-11 -23
18 14
-8 28
3 -19
22 2
4 25
-6 -3
-23 9
-1 -32
-22 15
31 29
-19 1
11 20
28 7
16 4
28 2
-13 -12
-2 22
1 -11
-7 -27
-18 19
2 -9
-3 -31
-9 7
16 -9
4 29
18 20
23 -31
7 7
6 3
-22 25
23 8
15 -8
29 -24
-3 -21
28 -32
2 -7
-31 26
-32 18
-15 4
15 -23
20 1
29 12
3 4
-13 -23
-25 -3
-30 30
-26 17
-10 -29
26 20
-17 22
20 17
-17 21
11 -17
7 28
19 -9
-27 8
24 -29
-12 -5
4 15
-27 6
13 -21
-8 -28
-18 -14
24 -3
-24 12
15
-9 1
26 6
-23 23
-7 0
28 -31
-8 31
-11 20
7 29
-8 -10
-30 31
-29 -19
-9 -25
-5 9
31 25
17 11
9
-24 -19
-30 14
-10 25
-25 22
22 -23
-18 21
-2 -30
-4 -5
-5 18
93
-6 22
10 17
29 -26
-6 29
31 -21
8 -25
-13 21
-23 -31
-21 -29
-24 -31
25 -15
-16 14
16 -14
-21 -21
13 29
9 -25
19 -13
24 17
-7 -14
14 -8
-3 -10
-1 16
-20 9
17 -9
12 26
-7 5
-21 9
-13 27
27 -2
-25 9
-4 16
16 -17
-29 9
-32 -3
27 14
21 -7
-27 -11
-23 -15
30 27
8 10
21 -31
-17 -32
10 2
28 6
-31 -29
-17 -3
19 31
12 22
8 13
-13 4
-5 -23
29 0
-2 -26
17 -4
-31 -6
-26 22
-5 -11
23 -26
23 19
12 24
22 27
-11 9
26 -30
-1 3
15 19
-25 -22
28 -28
11 -6
-22 -4
22 -20
22 28
-30 -14
-15 25
-8 -24
12 -28
-31 2
31 -10
-21 25
-8 11
-4 -25
-2 3
-14 -6
7 29
20 18
-7 10
30 -16
6 -32
2 23
26 26
31 6
30 -32
-23 29
-9 -12
119
15 31
-13 23
-3 22
-23 23
-2 -26
11 -16
-1 -11
-18 15
27 -18
-15 18
-24 -21
18 15
-23 18
24 -26
-23 -20
29 25
-20 -16
16 9
-26 25
1 4
31 -20
20 -2
2 -30
-18 -3
-15 -1
-16 -7
11 -30
-24 20
20 -32
27 30
-19 24
23 -7
-24 7
-30 -18
0 3
19 -1
16 7
29 -14
10 -21
15 27
11 31
-12 -10
-31 -3
-22 22
-3 -27
20 10
29 11
-29 -27
-14 -26
-12 18
9 -25
-15 -7
14 -18
11 -8
-6 -5
-13 -27
-6 8
-5 -4
-27 5
-14 2
11 -26
-19 8
17 -16
14 -29
-10 -30
21 -32
-23 -26
-7 23
-12 -27
-16 14
19 26
-21 -18
-10 -16
20 8
14 -32
-25 -1
-16 21
2 7
23 -9
7 -32
-3 -32
24 18
-27 -24
0 5
11 -12
0 23
2 22
-25 -10
-1 26
21 -19
26 29
13 -21
18 -17
18 10
7 -7
10 -28
-7 2
22 -1
10 -9
-28 -10
11 4
-19 -19
-5 -12
4 26
-17 -7
-25 -23
-10 20
-12 -23
-28 -26
19 11
-1 -3
15 25
-32 6
-8 10
29 -4
-32 8
-31 -19
21 -4
2 -7
23
17 19
-3 26
-23 -14
-17 -14
-10 -11
-27 -31
21 3
16 14
3 -10
-26 -19
-13 2
-18 27
3 -5
17 31
29 -22
-11 14
29 19
9 -25
-27 24
-7 -5
-19 -1
-4 -30
-30 -20
49
5 3
22 18
22 -7
-32 18
28 -4
3 28
-7 13
-15 -24
11 -28
17 18
-23 9
-21 4
22 10
-32 25
12 -19
9 -15
16 0
-28 6
25 -28
-8 21
0 27
17 26
9 -29
-30 -12
-25 19
-26 -15
-4 -15
21 -14
28 22
-21 8
-29 21
26 19
-11 30
-7 -18
-30 18
-29 3
13 21
-3 -10
24 -1
10 31
-14 16
-16 14
-30 -26
-32 30
28 -20
6 31
-31 0
18 -10
-2 -21
37
1 29
7 -28
11 -4
1 -31
-12 -32
12 -12
-14 -4
4 -32
-2 10
-32 -4
6 -20
-29 5
-19 3
-9 3
-30 3
-25 3
0 15
7 -21
-21 -24
-19 0
-24 25
20 -6
-11 -8
-6 20
-29 -6
-16 9
7 -13
-17 20
23 6
-8 25
-23 -1
-4 10
-18 -29
21 -6
-21 -30
26 -13
27 14
109
-15 -26
-25 -27
-23 1
-11 19
-24 9
-30 29
0 8
-11 -7
18 20
21 -4
-29 24
-15 -3
-29 -12
-9 -10
-17 -27
-29 0
-21 -22
5 -11
11 27
-24 20
4 -22
17 -28
18 -26
-3 4
26 -14
-32 29
-22 -14
-6 -19
6 17
3 21
22 6
-10 -30
16 27
-9 -5
22 -1
-17 -6
9 -32
-2 -5
-26 27
-32 -31
-19 -32
30 -9
-14 -7
4 24
-22 -25
14 -31
13 -28
-29 -3
31 -6
25 22
25 -24
-16 2
-23 15
29 -17
10 29
-16 24
30 -17
-17 -16
8 20
-23 18
27 23
19 9
27 22
-26 26
-16 31
16 -23
-24 -31
11 -15
16 9
0 -6
-14 4
-32 2
21 8
-10 30
-6 -15
21 -18
26 16
-28 -31
10 -11
-32 -5
-2 -24
-4 -22
-7 -20
19 26
6 -7
11 25
30 11
-5 19
-13 17
17 13
-30 6
27 29
-10 -32
30 -32
-11 30
-25 23
29 0
-29 16
-6 10
-22 -27
3 -24
16 30
27 -29
15 12
17 17
-14 12
14 8
12 12
8 -31
43
-28 21
18 27
18 -14
31 3
13 9
13 18
-20 21
3 -22
16 6
25 -4
-9 10
14 -28
-7 -10
16 -27
30 18
16 -30
7 2
30 -7
21 29
28 2
6 9
-12 18
-2 23
28 -18
-2 21
10 21
-1 -8
25 24
14 10
30 13
-4 14
15 -29
-15 13
-4 -26
10 -7
8 -16
-30 28
-30 1
20 30
15 -14
19 -6
-25 -13
18 -31
75
1 11
-23 -18
-25 24
29 -22
-23 11
6 -17
-11 31
23 6
-30 19
8 3
7 7
-14 25
-6 12
-31 13
-1 -30
25 -32
13 -30
-18 20
26 -21
30 -29
22 4
-14 -20
4 -23
18 6
29 -6
-23 4
-31 -5
-2 -4
-24 -1
-23 7
1 -30
7 -18
-27 21
-30 31
-32 -32
-29 23
4 -11
-29 -24
-1 21
14 -4
-17 23
-32 -15
-13 -2
13 -5
29 22
-30 -2
25 9
12 30
-2 14
29 -2
14 -32
-11 -13
-10 -8
-5 21
-19 -22
-15 -3
-31 -15
14 -12
16 -5
15 13
-15 17
-20 -22
-6 24
-24 24
7 -26
-9 -11
-26 12
8 -4
-27 -28
-15 -14
-18 2
15 -17
20 -3
4 4
24 -13
81
-22 -27
-3 -12
-1 -10
-3 -8
29 3
15 -14
9 -5
27 -26
0 31
-9 19
-19 26
2 -4
14 -32
-32 -14
24 -12
3 -30
-7 -31
-9 24
-9 20
-16 -12
-9 31
6 -32
-5 1
-26 27
0 -2
14 13
-8 -15
-22 -26
-15 -22
-8 -23
-2 27
-20 23
28 3
16 -13
-9 -32
7 14
-32 -18
14 -5
15 21
-10 -16
-13 -27
29 11
-10 -25
17 7
-14 -23
16 16
-28 28
8 -31
-1 -8
-12 22
-8 28
4 -8
-22 -13
19 25
-24 -22
-23 -5
-17 -25
-26 5
-18 23
-20 0
-32 28
-15 -28
25 25
-27 -8
-15 -6
-17 9
-10 19
-30 0
-26 21
-7 -18
31 3
9 -18
10 15
19 24
6 31
-7 6
28 10
11 21
3 16
-19 20
-22 -4
93
0 -16
-1 -32
-10 -11
-6 5
-12 29
-18 3
7 30
-10 -1
4 -10
24 -21
-14 2
22 -25
-27 6
-12 25
17 17
-9 -15
-31 22
-14 -9
-21 12
28 0
9 -21
-29 -16
-23 -7
15 13
15 8
24 -31
-22 14
-24 -16
-11 -3
-23 -26
-18 0
-9 -17
-9 9
6 2
-11 3
-30 30
14 -27
-18 23
-1 30
4 -18
6 -3
-16 16
-21 -8
-32 0
21 -22
6 -29
10 30
-14 -31
7 25
4 29
-4 6
27 -22
12 -22
-31 -21
-24 5
-7 14
-30 9
-2 -18
-30 -1
14 23
9 -11
27 -13
-13 -19
-11 26
-26 25
23 2
-1 19
12 -21
29 13
-10 -27
-13 16
19 -11
-7 -15
3 -5
16 -14
-13 -7
7 -18
13 26
-5 -30
20 2
27 12
-28 -6
-1 17
6 -4
-2 28
1 17
12 -12
-25 -26
5 10
1 -10
28 20
15 3
-30 -4
29
-2 -2
-14 -32
-7 30
-28 20
-3 21
-6 25
-12 -10
-6 -27
-29 14
-20 -23
-13 23
10 9
19 -1
-7 -9
1 21
20 31
-12 -26
31 13
-28 -28
1 1
25 27
-6 -19
-14 20
-13 -11
2 -1
-2 22
-10 -24
-1 -22
7 24
33
-23 14
-11 -24
-30 -4
-24 15
0 -20
-15 -30
-27 -20
-4 -13
-2 -15
6 19
19 -27
-15 9
-4 -6
-23 6
-31 -31
-25 -22
15 -4
-13 17
24 -5
1 -7
7 18
-5 12
30 23
31 -3
-24 5
-16 28
11 2
5 -25
28 14
13 29
16 20
-24 -1
-16 -5
17
-23 22
18 2
-3 4
29 -23
2 20
-23 31
29 14
-16 25
-7 18
-2 0
14 -19
-19 11
29 -31
19 -4
-14 -18
13 -5
-28 -1
125
1 -29
26 11
6 14
20 5
11 2
21 4
28 7
-29 -4
-11 -16
10 -31
-19 11
20 9
29 -29
-9 -8
-25 22
-11 9
26 -17
-12 0
30 -24
-27 9
10 27
-18 6
2 -15
-29 24
1 13
25 14
-8 13
-9 -10
16 14
14 24
5 -28
1 -1
-13 21
31 -15
29 -28
27 7
31 -23
-18 2
-6 -15
-6 27
30 -13
9 -10
-32 -32
12 17
15 -5
9 -12
-1 -22
19 18
31 18
-28 28
22 31
3 22
-24 17
-8 2
-30 18
-3 -32
-27 -26
-9 -27
-26 -29
22 21
-2 -1
-23 29
9 28
16 8
14 20
4 5
19 -24
-5 27
25 19
-3 28
5 26
28 10
-32 -13
15 -26
-9 6
28 21
-27 -27
19 15
-30 3
-9 16
-9 28
-11 -22
-28 16
-27 29
3 2
25 -24
-4 22
18 -4
-23 2
2 0
-24 -2
-10 -19
4 -23
28 6
12 -12
-10 -29
-16 12
-19 -12
-4 -14
-15 -32
20 -21
-24 -16
-31 27
12 -22
-3 -18
11 5
13 -31
18 -15
-22 15
23 22
-29 -19
25 -13
25 -26
7 -10
-8 24
-10 -20
-29 -2
-4 -28
-7 -24
-17 22
-10 26
-5 -29
27 -18
-12 -27
29 -21
59
-32 -7
20 -13
-14 26
26 8
-14 18
30 -2
22 -3
26 26
22 -30
-23 13
-8 -29
-24 -4
30 -10
16 -29
-13 28
30 -13
-11 18
6 7
12 0
-16 30
-13 -18
-4 -23
11 -10
-29 2
-8 -19
-17 17
-16 -9
-19 -17
14 29
-14 -31
25 -15
-11 -18
-29 27
22 16
-4 -26
14 15
-12 -21
24 -32
1 27
2 26
-24 17
11 -7
-24 24
8 22
21 26
24 15
-21 -19
29 -17
-24 19
31 4
25 13
24 -21
-18 -6
-25 16
-12 -17
1 31
8 9
23 -16
0 12
11
-8 -5
-10 5
-7 5
13 -20
4 -14
-26 -14
5 -12
-22 17
2 4
24 -14
24 -25
115
23 16
-4 14
-32 28
-5 -21
-12 22
2 25
-17 -25
7 -4
12 25
2 30
-2 22
-24 -17
-8 13
-25 10
5 -17
-3 -3
31 25
-21 31
22 6
-21 -22
-3 13
-28 12
20 11
-24 0
4 10
-2 -30
0 7
-14 24
-12 -7
8 31
-10 7
25 2
7 15
-24 18
25 5
-1 29
-14 -13
8 -6
20 -20
-27 -14
-17 5
25 1
-2 -19
26 -32
-25 3
-32 -3
-22 25
31 17
8 -24
3 1
13 -30
-1 31
-10 -25
-6 -22
-12 -1
-4 3
-28 -10
-28 2
3 30
3 10
1 3
-24 12
-4 -25
-3 -28
-17 -31
5 29
-29 -28
28 -7
-20 -10
3 0
21 -32
-29 26
-4 25
-27 31
4 7
2 12
-13 30
19 16
-30 -29
17 8
-32 21
12 28
-18 24
-13 18
-8 -24
18 -5
-30 -24
2 -1
-31 8
-2 5
-15 2
31 -27
-14 -30
-24 -28
10 -24
25 -10
-28 -25
-17 -9
25 7
0 11
-29 2
19 5
-31 21
-19 0
-6 -4
1 12
30 0
17 -15
-11 -20
-31 -18
3 -27
-11 18
-3 -17
-7 29
26 -4
95
14 -30
1 3
-17 -31
29 12
2 9
10 -30
-6 27
5 -13
-16 17
-12 -2
-12 -6
20 -26
23 -29
0 20
29 28
-13 11
30 20
-18 -18
21 -20
26 -9
21 4
-6 -16
0 31
3 16
16 24
-17 -27
-14 -29
-21 -23
-26 11
29 -29
8 -16
15 6
-27 29
20 26
-23 14
-14 31
-13 12
-17 19
11 18
3 -5
10 18
0 28
21 12
-27 27
-9 -30
31 31
-13 14
6 -8
11 -6
-14 21
-23 4
20 -4
-16 -29
-17 27
21 18
-9 0
5 23
-4 -6
3 2
-10 27
4 -11
26 23
-29 0
-17 14
27 2
3 -28
-26 -9
0 -9
-6 15
-14 -16
1 9
16 -26
1 -20
1 -28
14 23
31 -13
-20 26
-22 -17
-6 -6
29 -11
28 1
-7 -30
24 25
-7 -13
8 12
3 -22
-11 -13
-16 22
-1 17
27 -18
8 26
1 20
20 11
-29 -17
-27 -31
37
-31 2
30 -28
-6 23
-3 13
0 -23
-16 10
-1 3
26 -11
-29 12
-16 -15
-12 -21
18 -23
31 -3
-20 -18
3 -19
19 4
15 17
8 -22
8 -26
23 -24
-17 -24
18 14
11 13
-28 14
-7 -12
31 13
-1 17
22 -1
-17 -29
13 18
-16 0
-10 -32
-15 31
-22 26
-27 -31
-30 -12
-23 21
3
21 2
-25 3
27 -5
99
8 27
-12 -1
-6 3
2 -25
-11 18
8 12
18 25
11 28
19 16
30 22
-28 -25
11 -25
28 -19
-18 0
-24 10
-29 16
5 -9
-17 31
27 17
-26 -16
4 14
28 -10
8 7
-13 -5
-9 -15
-15 -4
-8 28
3 -11
-23 18
21 -15
-4 24
-30 -31
-17 -15
-32 -22
-29 -26
-5 7
21 -9
29 -3
31 -16
24 -10
1 -22
18 26
-26 -10
-17 -16
-24 -28
1 4
28 3
5 -21
21 5
-10 24
11 17
-1 0
-24 -4
29 -25
13 22
-2 -18
-32 -16
-24 -26
6 -9
-10 14
-5 24
-14 -9
-5 23
3 -16
-4 25
-24 -24
10 7
8 18
-28 6
26 17
-4 -8
31 -4
8 -24
2 -17
-1 25
29 27
17 -16
-14 -20
-25 21
-3 4
14 5
12 -8
-19 -12
-21 -15
26 -27
-30 -10
-3 -31
18 -27
-23 -11
-12 9
-18 -14
4 31
2 22
-21 9
12 8
-19 -6
-18 25
19 -5
-18 30
109
-24 -29
14 -1
0 15
-15 5
25 6
26 2
20 -20
-26 19
14 28
31 -9
8 7
5 -29
21 -2
22 -16
12 20
28 21
23 10
-12 -9
-6 5
28 -13
-20 22
21 -32
-30 27
20 16
23 19
-24 0
-6 13
3 -16
-21 -7
0 24
-19 -3
13 -28
-25 -31
-5 1
6 -9
20 18
-18 9
19 -16
4 7
-31 -4
-6 -23
28 20
22 -1
-28 -31
24 5
25 -27
-30 6
-23 -23
7 4
11 -18
27 -1
-32 -23
-23 19
-6 -5
-23 20
4 -27
9 -6
4 13
-5 -4
-14 -11
1 -12
27 10
-2 3
-18 -23
17 -22
8 17
-13 17
5 13
-1 31
-24 8
20 12
14 -3
-26 -14
-22 2
15 -3
23 -16
17 18
27 -17
-11 -23
-8 -26
-13 -31
24 7
18 -3
-12 -15
-4 -3
26 -16
-23 8
13 -16
26 24
18 9
-11 9
26 -26
-5 21
-10 17
30 14
23 -14
15 15
25 2
-20 -19
19 9
10 13
25 20
-11 7
-28 -16
-1 22
-1 19
26 26
8 -16
11 7
63
3 25
14 -14
18 -16
-1 31
-28 -24
10 17
-31 -2
-25 8
2 -9
-25 -8
-16 27
23 -28
22 17
12 -26
-3 -13
-27 -32
-20 20
-14 30
-28 17
30 -24
25 8
26 27
-26 -31
3 8
-8 11
-32 8
6 23
12 -4
8 -7
3 -27
12 8
-27 25
-4 -8
23 1
-23 21
9 -29
-3 3
30 3
4 1
-21 28
-20 -21
5 19
-30 -15
-17 11
10 18
16 -9
-5 22
-16 23
-18 -25
-8 -9
29 -30
-6 -6
5 -8
30 -22
26 -23
-26 -26
-11 11
25 -9
29 -23
-30 7
27 19
30 -10
9 -18
79
23 -10
6 -18
-13 8
9 13
-18 -31
11 -8
27 21
-2 -30
-22 -22
27 1
-25 -28
4 14
-32 -9
13 -10
-32 27
4 23
-15 -21
-27 4
19 14
-14 -31
16 29
-7 11
18 24
13 28
-30 9
-2 -23
13 -30
23 13
-7 4
-28 -7
0 8
-16 17
19 -11
-10 7
-28 8
8 20
5 -30
-1 -8
26 -19
-12 28
22 18
-27 3
20 28
-15 -19
1 -11
6 -31
29 22
18 17
-20 -24
-8 -16
16 -32
-28 -10
-30 3
14 28
16 -30
24 6
21 29
-22 9
26 -5
23 -5
16 -3
-4 13
-12 -18
-2 0
-9 22
16 -25
23 20
-3 25
-9 -21
22 -24
-18 14
14 -29
12 24
12 6
-13 3
-31 -29
-31 -3
17 -11
11 -17
117
-30 -26
5 -22
29 -7
7 22
16 19
12 24
-31 -5
7 -28
-25 -1
16 13
19 -12
14 22
-11 -21
7 10
22 23
-1 25
29 -28
-29 26
-3 10
16 -19
-3 -3
-26 -2
24 13
2 31
-20 -13
12 31
7 -6
22 28
5 -3
6 -5
-12 -27
-12 -15
-23 -9
-21 6
-30 28
19 -1
-7 25
30 -15
6 0
-16 19
19 28
18 -6
-10 8
-10 27
-26 28
-10 -6
-31 11
12 -22
-30 23
16 -28
19 4
4 -20
-3 2
-3 -28
-30 13
23 22
9 9
-16 31
-14 7
26 -8
3 -15
18 5
28 -2
15 30
-10 0
-29 -23
-28 7
-10 1
-23 19
5 -21
1 -4
-31 -22
-26 -14
-22 -8
25 -28
16 -4
-11 2
-31 -15
-31 17
-16 -9
-15 -13
0 -11
26 22
22 -29
10 -4
-18 -21
24 -16
-11 30
2 -1
-10 -5
4 -26
23 25
9 25
-21 10
10 -5
-31 27
14 1
-16 8
-8 -26
11 -30
2 25
-19 -5
-23 2
-7 11
-30 16
-26 6
22 30
-1 -1
23 10
-23 1
-27 -22
-4 19
12 12
-5 -28
18 -26
-26 -11
-32 -13
49
-23 21
23 25
27 -3
16 25
29 -17
16 7
-7 -15
13 3
13 0
-17 -7
28 -13
-20 -30
-7 1
-30 12
-15 -20
2 -6
-31 -7
-12 28
23 -28
22 20
-13 6
-5 12
24 -24
-16 5
9 -1
31 5
19 -21
7 -20
12 10
25 29
22 -5
-9 23
20 11
19 11
15 9
-1 -29
-16 27
15 -24
-29 31
13 12
-1 12
-15 -14
-2 3
3 -9
0 -7
18 24
-16 7
3 -29
-14 -13
45
18 -10
29 13
-27 -27
16 -27
18 -3
4 -1
14 22
-10 7
-12 26
-22 12
-6 3
-2 -14
19 -27
22 23
-8 -23
4 -22
-1 1
23 4
6 7
9 -8
-28 -19
23 19
-29 -18
-6 -8
-24 5
-28 2
-24 2
21 28
8 11
19 -32
20 -9
-22 -13
24 -31
23 -2
8 1
22 13
14 14
0 18
28 26
-22 -28
-1 -18
6 8
16 -5
4 -8
-26 -9
89
26 14
2 -19
6 3
-27 -28
-20 6
26 25
-12 8
-7 -26
4 -13
-16 8
19 -2
-17 -5
-17 10
31 7
17 -10
-32 11
-28 2
25 10
-26 30
14 -14
4 8
-21 24
-15 4
31 21
23 -17
-2 10
14 13
-27 29
-9 -28
4 -24
-6 4
20 -2
-25 13
-24 -19
11 22
-1 -17
-1 10
-25 16
-18 -26
5 -27
-10 -29
16 -28
16 21
-31 -24
26 5
-16 -12
-22 -28
19 -15
17 27
-2 -4
18 29
11 -15
7 19
-31 21
25 6
26 -17
10 10
-13 -6
0 -12
2 -6
26 19
14 -28
23 1
-11 9
-3 19
-27 -17
16 17
0 -9
4 1
-20 -3
-25 -26
13 17
17 -32
-20 -15
-11 14
11 -17
1 -7
-13 -7
27 8
-30 -8
-5 -25
7 -21
24 -25
2 -4
8 14
26 15
20 7
1 5
7 13
119
28 -5
1 -21
29 27
-2 -10
22 -26
-8 -18
1 -1
21 12
-8 28
-18 20
4 28
14 -13
17 -11
20 -10
29 1
-19 25
29 14
-27 26
9 3
-16 -1
10 8
13 -21
-25 2
24 -1
-2 -26
-12 -30
-29 -30
-10 20
-8 -22
-22 -11
12 -9
-18 9
-26 -13
3 15
23 19
-17 1
-5 28
12 2
-1 4
-30 29
11 -10
-32 14
-8 -10
2 16
0 12
-27 -20
-28 -12
21 -22
7 -8
25 -2
-21 -24
31 6
-27 12
-23 4
-16 -21
1 27
1 1
9 25
23 -21
10 -8
24 15
-29 -6
-26 11
18 31
-23 30
-24 -23
4 -19
21 13
17 -27
24 -14
-31 -7
20 10
-13 11
22 29
-29 14
12 8
10 16
-30 16
-5 20
15 4
18 23
13 -9
-28 2
-28 21
8 29
-24 9
-10 28
-13 9
7 -23
6 11
23 -13
-13 1
-29 -11
-15 -2
-23 -31
-30 28
24 16
-13 29
-14 -9
18 26
-12 26
3 11
22 23
-12 -2
-32 27
-23 24
-18 -4
-7 -15
17 11
15 26
12 17
22 4
1 -23
1 20
1 -12
14 21
-18 -14
0 -27
-23 21
99
-23 16
12 -31
30 -24
-5 -17
25 -26
30 19
18 15
10 -10
-15 19
24 -27
-12 -20
19 -22
-6 -27
10 -1
-18 -1
-30 -8
-17 14
-7 -19
22 20
-4 15
26 -6
3 12
-22 -19
-29 -5
-32 27
0 -11
-25 -13
-1 1
-7 -23
-31 7
9 -29
31 24
18 -7
-26 8
-19 2
-8 -24
29 27
20 -25
-24 23
2 -24
18 -30
-3 25
-11 28
-5 14
-26 -4
-10 15
-1 -11
7 -15
14 13
26 28
-16 -14
-28 -19
-19 24
-12 -11
16 22
-3 2
24 27
-4 -19
23 23
28 29
-13 -14
12 18
7 -12
-28 -10
-31 30
-14 -15
-16 -10
-2 -3
-18 18
18 30
8 -17
1 0
-22 29
14 -30
20 10
31 -25
28 12
25 3
-32 29
25 -31
27 -21
-13 -21
1 17
8 16
4 -6
14 -20
10 -17
13 20
-20 -5
22 -32
-27 22
-25 -31
2 -31
4 2
30 -2
3 26
9 22
-27 -21
8 14
123
-20 -24
9 -8
18 25
-27 7
-27 0
-3 -26
5 -13
-19 6
21 -18
-21 -9
-19 9
27 -25
-14 17
-20 -3
-7 26
-8 5
-29 -30
30 21
27 -29
-4 -32
4 26
-26 -23
-19 -12
16 -29
2 27
-6 15
4 -11
22 22
-25 -29
-12 0
29 12
-26 -32
14 -28
22 9
-25 -14
10 11
-20 16
21 -6
-28 5
-3 7
0 23
-10 -28
-19 -19
26 -12
-16 -18
20 -19
27 26
-18 9
30 -28
-13 -26
-10 29
17 3
13 6
29 18
-21 -6
-7 11
-15 15
15 -2
28 10
18 -20
24 7
-6 19
1 8
-3 0
12 16
6 -30
13 -9
5 -6
30 2
-20 -23
28 5
-11 4
12 -15
-18 -1
-2 -25
-26 24
26 7
0 -9
-25 -20
-25 13
-18 20
-27 20
-17 -29
-10 -5
-20 -13
-31 -31
1 -10
6 -19
7 20
12 -27
27 18
29 22
-6 -3
-19 1
9 -11
-17 24
-23 -12
12 -8
-9 -30
20 3
-11 21
5 22
-21 -21
-28 18
31 16
24 27
3 21
17 29
-13 30
-2 28
-13 13
20 -3
-31 0
21 -8
3 9
28 24
-2 1
15 9
12 19
-4 11
3 -12
6 -26
-23 -9
67
-4 -10
2 -7
9 -17
-19 -26
-15 14
28 9
-15 5
5 -23
-28 -26
24 13
18 11
-23 -2
-17 -3
-28 -11
7 -4
-7 -29
18 27
-4 -5
-22 10
2 -5
-8 -2
-27 9
-29 10
18 -25
17 11
21 3
-10 30
-31 5
-4 -26
27 -29
2 -12
-26 -12
-17 3
15 -7
-19 -15
21 5
15 26
-18 19
4 -32
26 -11
11 15
25 -30
14 26
7 -22
-32 2
-19 2
22 -13
22 -27
22 6
-1 -29
23 -12
8 7
-18 22
-6 18
-24 2
-28 -31
4 18
27 -20
28 28
14 -23
-2 5
-4 -11
10 -13
27 -23
-10 18
-3 31
-7 11
53
19 -2
12 -24
6 -17
-20 7
19 30
2 31
26 -2
14 -29
29 -13
-1 -14
29 18
-19 -25
-23 31
4 -24
-7 -16
29 -20
14 10
-12 -12
25 0
27 12
-2 -3
12 -8
28 -6
-5 25
13 27
-21 10
13 -8
17 22
-9 -10
30 16
6 28
29 -12
6 -15
8 -1
18 3
-21 -16
-32 23
9 28
-15 -28
21 30
31 -32
9 13
-8 -6
3 16
16 2
0 -10
10 -28
15 -14
3 1
21 14
6 -6
18 23
-1 8
119
-2 8
-1 -21
-31 25
15 17
10 -15
-15 -32
15 15
11 19
-2 29
-10 31
19 -28
16 9
10 -21
-5 2
10 -29
-8 -24
12 23
-12 13
16 -29
-2 -6
-12 15
-5 -29
-2 -26
22 28
-29 -20
27 22
-16 12
-1 27
23 27
-3 1
30 21
9 10
12 29
-9 -4
-32 21
23 -12
5 -14
-9 -29
-8 -19
-32 -5
-7 27
-14 10
7 17
5 -2
12 -30
31 11
23 9
-11 3
6 13
31 7
2 22
27 -25
-24 -13
-21 0
0 -21
28 26
-26 -18
4 14
31 -23
-20 12
-21 -20
-9 -30
21 12
5 -5
-7 4
-30 28
-5 30
-29 3
-15 -18
-28 17
-7 -32
11 0
-18 -17
-18 -19
-8 -6
25 3
6 -16
29 -22
23 -10
15 25
-14 -22
13 -24
4 17
26 30
17 5
-2 31
-19 -19
-26 -26
17 13
-9 -10
-24 -12
1 31
10 -16
25 29
-6 16
-13 -25
25 23
25 19
21 10
-8 -13
10 -19
31 23
-5 -26
29 -20
19 -12
2 27
8 -29
27 -13
-13 20
-16 13
4 3
21 -3
-6 14
-16 -16
-8 9
3 -30
22 3
25 -15
9 23
29
-4 -21
-32 -9
20 -29
-14 -25
-9 -26
-9 -28
11 26
25 -24
-12 7
-7 4
-32 -30
-24 -30
24 11
28 -22
-12 19
7 16
30 7
-25 18
11 -6
25 -30
0 -16
-26 -21
-22 -32
-12 -1
7 13
-29 7
15 -21
10 7
22 6
49
-22 -7
-7 26
-9 -32
-30 -22
11 -4
-29 13
28 -12
20 -24
-2 20
-4 29
-5 -23
-31 -29
24 -20
13 -1
-29 -13
-15 -19
12 10
-24 -29
10 -22
-19 -10
6 -15
-29 2
5 23
10 -29
11 -26
-31 -25
-17 -30
-22 -25
-18 23
7 -15
-22 24
-1 22
2 7
25 -20
17 -25
2 -9
-8 6
25 29
-3 4
-32 -23
10 -31
-16 26
-29 -6
-31 -14
-15 8
3 -5
0 -30
-15 -30
9 -22
15
-6 -15
17 17
9 -9
11 6
21 -17
7 30
25 8
-18 19
12 8
21 30
25 -3
1 -12
30 4
5 -32
-19 15
79
8 -31
-31 -7
10 -8
-28 -15
-19 -13
24 -21
-19 0
-7 -32
-20 -31
21 -22
26 -13
12 -18
-15 -16
19 -15
-3 3
1 -27
4 2
-1 -18
26 3
-1 -24
23 -9
-13 -28
24 13
-28 -28
14 26
-17 9
-19 27
23 -2
-21 11
15 8
-18 -16
14 18
18 -19
-32 13
16 0
21 7
23 -24
11 15
21 16
20 4
10 -29
-19 23
30 -28
-11 -23
15 -28
17 29
-11 -1
15 -25
12 16
20 -3
-16 9
-28 -25
18 16
23 7
0 11
-21 -22
14 -8
-31 12
-3 -10
21 -20
-6 6
-22 15
-26 25
23 18
9 11
-17 25
-11 -12
-31 -25
-28 24
14 4
3 26
14 -15
-14 15
29 15
-27 18
28 -1
-8 -26
-17 -2
31 -26
17
9 17
0 2
-26 20
3 -19
24 -5
28 -4
30 22
-22 -17
-24 25
-20 24
30 30
20 -2
-9 26
13 21
25 19
-26 2
4 7
69
11 -5
8 24
-12 -28
20 16
-30 10
27 -14
19 20
-2 11
19 -3
-1 -15
20 -7
30 9
-14 17
16 21
-11 -9
26 -32
18 2
25 -26
6 13
23 9
-8 18
27 -21
6 -7
22 -7
22 -11
10 10
14 8
-12 -32
-7 -28
21 15
-5 15
15 -19
-14 8
-12 24
-10 -21
1 14
29 -4
25 3
22 15
29 12
-28 7
-9 18
-16 11
18 9
15 8
-8 -22
-9 -24
-9 9
16 11
2 -26
22 -29
20 19
0 13
-9 -10
-4 -12
-30 0
27 -7
-14 -21
-28 -27
21 19
13 -19
29 -28
-11 -11
14 -26
-32 -16
-20 23
-13 -31
10 19
14 -31
73
-21 -11
-20 11
-15 5
30 -4
10 -29
-15 -3
16 -1
-5 20
20 16
2 26
16 18
-25 7
-26 -24
-14 25
22 -13
-29 -31
9 -17
13 26
20 11
-10 -2
14 8
28 -2
-25 -9
-14 27
-25 21
22 23
7 29
-1 13
-27 17
7 27
-28 10
29 13
25 10
7 13
-11 30
-20 -29
6 -24
1 13
-1 19
8 6
8 -2
-3 -16
-5 28
29 0
13 4
-4 18
-18 -7
-1 -25
-29 -25
21 -8
-27 -31
-5 11
-23 28
-8 8
15 -32
-18 -8
-1 11
8 26
8 5
-5 -11
-22 23
-25 -8
-16 7
0 -13
14 -11
11 19
-10 -26
-2 -1
-30 22
-25 17
22 -11
-23 -11
-32 17
81
8 -9
11 30
1 2
-27 25
18 12
-7 -27
-6 14
16 -19
-28 22
11 3
24 1
10 9
-8 31
19 13
-32 4
29 8
27 8
6 -4
-22 12
-10 28
-8 15
-31 19
-2 17
-32 2
7 12
-26 -1
-19 16
-23 5
16 28
-13 16
0 -16
-8 -4
25 31
24 -29
11 -18
-32 -29
30 -31
22 -4
19 23
30 -6
3 -28
26 16
21 -29
-10 5
31 9
-11 -1
25 13
27 18
12 20
22 -9
-30 22
-5 -32
23 -15
-4 10
-24 -5
-27 11
-1 31
-4 -12
-30 18
25 -31
-5 -18
0 -12
28 -4
-25 8
-16 29
-32 -14
19 -5
-13 10
12 15
-11 21
-22 -6
0 10
-7 28
30 -5
14 24
-4 -23
-26 28
-2 -30
-8 5
11 8
2 11
123
-11 -26
-18 31
18 29
-12 7
-24 14
-24 18
-25 -28
16 2
19 8
30 28
15 27
-6 17
-13 31
-4 28
1 -25
23 22
-19 -27
22 -32
-30 -22
7 -22
25 15
28 -32
20 13
3 7
-11 1
3 -28
-4 30
22 16
29 -14
12 -1
-6 3
-11 7
8 -21
7 10
-10 -17
21 -17
30 17
-17 18
-2 18
-7 20
-12 29
24 16
27 14
0 24
-31 -20
-9 -5
15 13
-30 -9
24 10
-30 -18
25 23
-3 23
8 13
10 -25
-1 -29
27 19
-32 19
4 27
2 -28
20 3
-15 -21
30 -32
24 -32
-8 17
10 -6
31 3
-15 -3
-5 25
-22 -27
-32 9
-24 27
-3 -23
15 -31
-28 -15
-27 24
20 -10
-28 18
-9 28
18 15
13 -3
-23 13
-32 -6
-22 -5
-13 -12
0 -12
29 9
-17 -6
18 30
-5 22
-17 1
15 -29
23 19
21 -18
15 8
29 -3
-27 -26
1 20
8 -31
-24 5
10 -9
-32 -4
-10 -5
-13 5
28 -30
9 20
21 -2
-30 4
-26 -32
-31 -21
-26 -21
-15 7
-1 18
-5 -25
19 3
13 -2
26 13
26 -16
-24 -19
22 -27
-17 -1
25 -28
29 27
9 -28
123
10 -17
-30 22
0 9
-11 -14
-28 -3
-26 7
-22 4
1 23
-2 18
31 12
8 -28
27 -25
29 -32
-28 25
9 -24
20 -13
-8 22
-23 24
-1 -1
-21 3
28 -15
-22 -26
21 12
29 -13
-2 28
31 -26
-31 27
-19 30
27 -15
23 4
-6 12
23 18
2 -31
10 -30
0 21
5 -4
-26 16
2 27
-4 -1
-17 26
-5 -18
-32 -4
-23 -19
-5 -28
-2 -14
8 24
30 0
10 1
1 -11
3 -31
-22 -24
-3 -15
24 31
-20 -12
-2 -5
-18 25
10 -18
-10 19
-5 17
24 26
-29 0
18 -30
-32 -3
3 1
18 -26
2 28
-18 31
-19 -25
30 -6
-5 -4
21 10
-10 -1
24 12
-13 -12
-3 -21
-18 0
11 -32
2 12
-3 -27
-19 -17
-21 16
-20 -6
15 -7
1 14
19 28
-22 9
6 0
-24 -1
-20 -5
19 9
6 -31
-22 -14
-31 12
30 -1
18 -21
14 29
27 26
-9 11
-12 24
-7 -25
21 3
16 -5
26 -16
-12 13
26 27
14 -28
-19 16
16 -21
-17 2
-10 29
0 -14
24 23
29 -20
16 -10
-13 5
25 -28
-32 29
29 27
-18 -15
8 -24
-20 -9
-20 -7
-25 28
101
-10 -1
27 -13
31 -19
-21 22
-22 -9
6 0
11 -21
-7 15
-20 -9
12 -25
5 29
15 13
-22 -26
25 3
-19 21
-24 3
-12 -29
23 -13
-16 -30
-22 -6
-6 16
26 -27
28 -13
20 -24
10 0
-17 -17
-3 30
28 7
-27 21
-21 -14
11 -13
22 31
-10 13
-13 6
15 -3
-32 -23
-19 26
-18 -23
-19 -30
-15 24
2 0
-25 -32
-1 -28
7 4
25 18
22 4
-27 12
4 -5
-7 23
-31 -23
-12 -31
-14 1
27 1
11 -23
3 28
-31 -26
-3 -24
-26 28
-20 13
0 -26
0 -10
10 5
-29 -18
-31 -4
-27 -30
5 -7
-28 24
27 31
-7 6
-24 28
2 -23
-30 31
-14 -24
27 -2
22 -5
4 -10
18 -17
27 21
-3 28
-15 3
31 23
28 -29
15 23
-30 -24
-3 -21
-28 -32
-12 -25
31 6
-17 27
-27 -27
-10 9
-5 -24
24 -9
29 -10
-13 -17
25 -14
-26 21
-11 21
13 -8
29 -22
3 -31
11
23 -24
-22 -2
-8 -27
3 -3
-5 -20
25 4
-27 -16
1 -5
3 16
-12 22
22 -23
11
11 22
3 8
-31 -26
10 -21
30 18
-11 -4
-22 -6
31 8
22 -21
1 -6
-16 17
59
11 -12
12 31
-22 2
-23 -10
-18 31
25 22
-32 -32
0 -20
30 -13
1 -6
-3 28
-7 -27
18 4
6 -20
21 -9
-25 0
12 19
0 22
-10 9
-20 4
8 -26
-6 9
-26 27
21 -28
-18 -10
-2 11
-14 23
17 -28
-5 -9
-16 -16
15 -8
17 -5
-21 -15
-15 1
26 -2
-27 2
4 0
-21 10
-5 -32
14 9
-9 -20
-12 9
-29 -27
14 -2
-3 30
15 -20
-10 0
7 2
17 24
-29 11
-10 -23
-19 26
9 -7
4 -28
-7 -14
13 16
-2 -31
-6 1
-25 -24
1
4 -26
111
16 -3
-17 -9
31 -32
-17 -30
11 6
-21 24
0 20
-15 -27
24 11
-9 5
-5 22
7 21
-9 14
29 -9
-14 -28
-26 -30
1 -11
-7 0
-11 8
2 -32
-18 14
25 15
2 -22
20 -5
21 -21
-32 -15
-31 7
-26 -7
-11 -28
16 7
-24 23
9 9
-20 -30
-23 2
11 11
2 25
-7 -5
8 28
6 -4
-9 -5
8 -9
12 9
31 19
-30 -12
23 19
28 31
10 5
8 22
8 17
-8 -13
-4 27
-20 22
-10 21
18 28
-15 -23
-8 25
0 -28
3 -1
23 5
20 14
-8 16
13 -30
-11 -11
25 29
-26 -15
-16 3
-20 -3
-7 3
-14 -21
-1 3
-12 23
-3 20
28 -32
-12 19
5 -24
2 30
24 -17
-32 -19
5 25
-21 11
-21 -5
-18 -9
24 7
26 -22
18 -6
14 -26
-15 -21
27 -19
-21 -17
-31 16
-9 3
14 -17
18 15
-4 -9
8 7
-29 19
-29 -15
-21 27
25 -27
-26 11
-1 20
18 17
31 13
30 -22
26 -13
2 9
2 -11
-8 30
12 -32
6 15
20 9
1
31 4
0
